$CV1,0,905,0,-1,0.0,0.0,0.0,0.000000,0.000000,0.000000*34
$CV1,1,1078,0,-1,0.0,0.0,0.0,0.000000,0.000000,0.000000*07
$CV1,2,1227,0,-1,0.0,0.0,0.0,0.000000,0.000000,0.000000*0C
$CV1,3,1379,0,-1,0.0,0.0,0.0,0.000000,0.000000,0.000000*07
$CV1,4,1533,0,-1,0.0,0.0,0.0,0.000000,0.000000,0.000000*08
$CV1,5,1684,0,-1,0.0,0.0,0.0,0.000000,0.000000,0.000000*06
$CV1,6,1831,0,-1,0.0,0.0,0.0,0.000000,0.000000,0.000000*05
$CV1,7,1983,0,-1,0.0,0.0,0.0,0.000000,0.000000,0.000000*0C
$CV1,8,2136,0,-1,0.0,0.0,0.0,0.000000,0.000000,0.000000*06
$CV1,9,2281,0,-1,0.0,0.0,0.0,0.000000,0.000000,0.000000*08
$CV1,10,2429,0,-1,0.0,0.0,0.0,0.000000,0.000000,0.000000*34
$CV1,11,2571,0,-1,0.0,0.0,0.0,0.000000,0.000000,0.000000*39
$CV1,12,2716,0,-1,0.0,0.0,0.0,0.000000,0.000000,0.000000*39
$CV1,13,2862,0,-1,0.0,0.0,0.0,0.000000,0.000000,0.000000*34
$CV1,14,3001,0,-1,0.0,0.0,0.0,0.000000,0.000000,0.000000*3F
$CV1,15,3142,0,-1,0.0,0.0,0.0,0.000000,0.000000,0.000000*38
$CV1,16,3295,1,0,-120.0,-145.4,615.2,-0.004266,0.199095,3.086934*3D
$CV1,17,3432,1,0,-122.8,-150.3,620.7,0.034000,0.172265,3.089316*1C
$CV1,18,3575,1,0,-124.9,-149.8,622.2,0.058008,0.151573,3.116324*17
$CV1,19,3713,1,0,-124.6,-148.3,619.9,0.058345,0.140298,3.117684*14
$CV1,20,3859,1,0,-125.1,-147.3,616.7,0.082199,0.138250,3.126841*1D
$CV1,21,4007,1,0,-128.5,-149.9,619.2,0.092557,0.111250,3.130238*10
$CV1,22,4154,1,0,-134.6,-148.1,612.0,-0.151375,0.003874,-3.122663*15
$CV1,23,4299,1,0,-137.3,-146.4,611.6,-0.129181,0.094430,-3.121771*1B
$CV1,24,4443,1,0,-140.5,-143.3,613.1,-0.059256,0.141179,-3.118558*11
$CV1,25,4595,0,-1,0.0,0.0,0.0,0.000000,0.000000,0.000000*32
$CV1,26,4751,1,0,-139.7,-107.4,589.2,0.043525,0.024519,3.138633*1F
$CV1,27,4913,1,0,-141.9,-98.8,576.5,0.098227,0.011626,3.131013*2C
$CV1,28,5066,1,0,-146.5,-103.2,585.9,-0.031399,0.166115,3.109451*3E
$CV1,29,5223,1,0,-149.5,-112.8,594.1,-0.083997,0.471440,3.057047*33
$CV1,30,5389,1,0,-150.0,-115.6,598.6,-0.076854,0.503076,3.049485*31
$CV1,31,5544,1,0,-148.6,-115.9,601.1,-0.083322,0.478531,3.052683*36
$CV1,32,5694,1,0,-147.6,-113.8,598.3,-0.037841,0.322965,3.089440*3D
$CV1,33,5846,1,0,-147.8,-113.3,594.1,0.041270,0.029398,3.129606*19
$CV1,34,6000,1,0,-148.3,-114.8,591.2,0.043937,0.015281,3.134075*1B
$CV1,35,6161,1,0,-150.3,-119.3,594.8,-0.011762,0.133917,3.119226*32
$CV1,36,6320,1,0,-156.0,-135.3,608.5,-0.027415,0.189862,3.112092*34
$CV1,37,6478,1,0,-156.3,-137.5,605.2,0.037547,0.100881,3.126846*12
$CV1,38,6636,1,0,-156.8,-136.5,604.0,0.053091,0.084421,3.127522*15
$CV1,39,6790,1,0,-157.3,-136.3,603.9,0.048439,0.097023,3.126188*16
$CV1,40,6943,1,0,-162.5,-148.3,618.1,-0.068202,0.369660,3.074268*3A
$CV1,41,7100,1,0,-165.0,-159.4,627.7,-0.089497,0.496269,3.036855*37
$CV1,42,7258,0,-1,0.0,0.0,0.0,0.000000,0.000000,0.000000*36
$CV1,43,7416,1,0,-171.6,-196.8,656.4,-0.085082,1.086333,2.820058*33
$CV1,44,7566,1,0,-172.7,-200.7,658.7,-0.068851,1.046550,2.835388*3E
$CV1,45,7719,0,-1,0.0,0.0,0.0,0.000000,0.000000,0.000000*31
$CV1,46,7870,0,-1,0.0,0.0,0.0,0.000000,0.000000,0.000000*32
$CV1,47,8026,0,-1,0.0,0.0,0.0,0.000000,0.000000,0.000000*37
$CV1,48,8177,0,-1,0.0,0.0,0.0,0.000000,0.000000,0.000000*3D
$CV1,49,8334,0,-1,0.0,0.0,0.0,0.000000,0.000000,0.000000*39
$CV1,50,8481,0,-1,0.0,0.0,0.0,0.000000,0.000000,0.000000*38
$CV1,51,8625,0,-1,0.0,0.0,0.0,0.000000,0.000000,0.000000*35
$CV1,52,8778,0,-1,0.0,0.0,0.0,0.000000,0.000000,0.000000*3F
$CV1,53,8925,0,-1,0.0,0.0,0.0,0.000000,0.000000,0.000000*38
$CV1,54,9077,0,-1,0.0,0.0,0.0,0.000000,0.000000,0.000000*30
$CV1,55,9222,0,-1,0.0,0.0,0.0,0.000000,0.000000,0.000000*33
$CV1,56,9369,0,-1,0.0,0.0,0.0,0.000000,0.000000,0.000000*3E
$CV1,57,9514,0,-1,0.0,0.0,0.0,0.000000,0.000000,0.000000*33
$CV1,58,9661,0,-1,0.0,0.0,0.0,0.000000,0.000000,0.000000*3D
$CV1,59,9811,0,-1,0.0,0.0,0.0,0.000000,0.000000,0.000000*35
$CV1,60,9958,0,-1,0.0,0.0,0.0,0.000000,0.000000,0.000000*33
$CV1,61,10101,0,-1,0.0,0.0,0.0,0.000000,0.000000,0.000000*0E
$CV1,62,10256,0,-1,0.0,0.0,0.0,0.000000,0.000000,0.000000*0C
$CV1,63,10414,0,-1,0.0,0.0,0.0,0.000000,0.000000,0.000000*0D
$CV1,64,10565,0,-1,0.0,0.0,0.0,0.000000,0.000000,0.000000*0D
$CV1,65,10715,0,-1,0.0,0.0,0.0,0.000000,0.000000,0.000000*09
$CV1,66,10863,0,-1,0.0,0.0,0.0,0.000000,0.000000,0.000000*04
$CV1,67,11023,1,0,-188.0,-174.5,637.1,0.050835,0.174324,3.092629*29
$CV1,68,11172,1,0,-187.5,-168.8,633.8,0.062013,0.101889,3.102048*2E
$CV1,69,11328,1,0,-189.4,-163.4,633.0,0.080817,0.015516,3.103949*24
$CV1,70,11482,1,0,-191.8,-162.4,637.3,0.074558,-0.013438,3.101235*01
$CV1,71,11642,1,0,-195.3,-154.8,639.4,0.080567,-0.073546,3.099528*03
$CV1,72,11793,1,0,-196.0,-149.7,634.7,0.087295,-0.102927,3.101648*04
$CV1,73,11947,1,0,-196.5,-142.9,621.5,0.099737,-0.130743,3.103530*05
$CV1,74,12101,1,0,-198.1,-140.4,616.5,0.150934,-0.118049,3.105184*09
$CV1,75,12255,1,0,-208.7,-136.3,610.6,0.233602,-0.087617,3.113649*02
$CV1,76,12406,1,0,-215.2,-133.8,608.6,0.236552,-0.083854,3.121012*08
$CV1,77,12561,1,0,-221.6,-131.5,607.1,0.189343,-0.096064,3.120661*00
$CV1,78,12708,1,0,-221.1,-130.7,608.0,0.194835,-0.148417,3.113785*07
$CV1,79,12860,0,-1,0.0,0.0,0.0,0.000000,0.000000,0.000000*0B
$CV1,80,13011,1,0,-181.0,-127.1,597.8,0.185003,-0.158580,3.112413*05
$CV1,81,13160,1,0,-173.3,-126.7,594.8,0.161593,-0.147969,3.115285*04
$CV1,82,13314,1,0,-161.5,-125.6,587.4,0.100729,-0.064156,3.117207*07
$CV1,83,13482,1,0,-159.5,-124.4,582.3,0.110215,-0.031702,3.123686*02
$CV1,84,13639,0,-1,0.0,0.0,0.0,0.000000,0.000000,0.000000*0A
$CV1,85,13799,0,-1,0.0,0.0,0.0,0.000000,0.000000,0.000000*00
$CV1,86,13955,1,0,-203.2,-118.8,579.3,0.140654,-0.006472,3.117437*07
$CV1,87,14111,1,0,-203.1,-119.7,578.9,0.130491,-0.022989,3.119280*08
$CV1,88,14263,1,0,-194.9,-118.5,570.1,0.138136,-0.035630,3.122721*0A
$CV1,89,14424,1,0,-192.5,-118.5,568.7,0.110737,-0.006601,3.124087*09
$CV1,90,14580,1,0,-188.9,-118.0,564.9,0.111867,0.006610,3.130664*26
$CV1,91,14733,1,0,-187.9,-118.6,561.5,0.119269,0.012939,3.130888*2C
$CV1,92,14887,1,0,-188.3,-118.4,560.9,0.125340,0.014258,3.129944*23
$CV1,93,15036,1,0,-189.6,-116.8,564.4,0.111451,0.014276,3.135481*2B
$CV1,94,15184,1,0,-188.2,-114.8,560.8,-0.180059,0.013352,-3.133244*26
